%YAML:1.0
---
K: !!opencv-matrix
   rows: 3
   cols: 3
   dt: d
   data: [ 1.4786068043207545e+03, 0., 9.2111541664323124e+02, 0.,
       1.4770682753944673e+03, 5.3038566175202629e+02, 0., 0., 1. ]
D: !!opencv-matrix
   rows: 1
   cols: 5
   dt: d
   data: [ -3.7415376628273178e-01, -2.4515115831823692e-01,
       -7.4095985251428379e-04, 7.7743235394961971e-04,
       9.0530302282719266e-01 ]
